{"nbformat":4,"nbformat_minor":0,"metadata":{"colab":{"provenance":[],"toc_visible":true,"authorship_tag":"ABX9TyNTCl9gseyRzVaC8thYwFrI"},"kernelspec":{"name":"python3","display_name":"Python 3"},"language_info":{"name":"python"},"accelerator":"TPU"},"cells":[{"cell_type":"markdown","source":["# Part 1: Data Exploration and Preparation"],"metadata":{"id":"K9WxfumgaIDf"}},{"cell_type":"code","source":["# import libraries\n","import numpy as np\n","import pandas as pd\n","import matplotlib.pyplot as plt\n","import seaborn as sns\n","from sklearn.compose import ColumnTransformer\n","from google.colab import drive\n","drive.mount('/content/drive')\n","trainpath = '/content/drive/MyDrive/COMP4211/PA1/train.csv'\n","testpath = '/content/drive/MyDrive/COMP4211/PA1/test.csv'\n","from sklearn.preprocessing import MinMaxScaler, StandardScaler, RobustScaler,OneHotEncoder, OrdinalEncoder, PolynomialFeatures\n","from sklearn.impute import SimpleImputer\n","from sklearn.feature_selection import VarianceThreshold,SelectKBest\n","from sklearn import model_selection\n","from sklearn.model_selection import train_test_split\n","from sklearn.linear_model import LinearRegression, Ridge, Lasso, ElasticNet\n","from sklearn import metrics\n","from sklearn.metrics import r2_score, mean_squared_error,roc_curve, roc_auc_score\n","from sklearn.feature_selection import f_regression\n","from sklearn.neural_network import MLPRegressor,MLPClassifier\n","from sklearn.linear_model import SGDClassifier\n","from sklearn import pipeline\n","import sklearn\n","import scipy\n","from sklearn.ensemble import IsolationForest\n","import time\n","#load train.csv using padas\n","df = pd.read_csv(trainpath)\n","df.head()"],"metadata":{"colab":{"base_uri":"https://localhost:8080/","height":491},"id":"vyHWaun6aW_q","executionInfo":{"status":"ok","timestamp":1709729044547,"user_tz":-480,"elapsed":25079,"user":{"displayName":"Christine Ma","userId":"07403115532810910417"}},"outputId":"1a7bda35-6733-4575-f122-be3feabde239"},"execution_count":1,"outputs":[{"output_type":"stream","name":"stdout","text":["Mounted at /content/drive\n"]},{"output_type":"execute_result","data":{"text/plain":["         C0                               C1              C2  \\\n","0  divorced  Holders of other higher courses   second choice   \n","1    single                Over 23 years old   second choice   \n","2    single   1st phase - general contingent  seventh choice   \n","3   married                Over 23 years old   second choice   \n","4    single   1st phase - general contingent   fourth choice   \n","\n","                     C3       C4  \\\n","0            Management  daytime   \n","1    Veterinary Nursing  daytime   \n","2  Communication Design  daytime   \n","3        Social Service  daytime   \n","4               Nursing  daytime   \n","\n","                                                  C5     C6          C7   C8  \\\n","0                          Higher education - degree  65.00  Portuguese   no   \n","1                                Secondary education  65.00  Portuguese   no   \n","2                      Frequency of higher education  59.50  Portuguese  yes   \n","3  Basic education 3rd cycle (9th/10th/11th year)...  66.55  Portuguese   no   \n","4                                Secondary education  71.00  Portuguese  yes   \n","\n","   C9  ...  C23 C24  C25        C26  C27   C28  C29   C30  regression target  \\\n","0  no  ...  5.0   5  0.0   0.000000    0  11.1  0.6  2.02             0.6500   \n","1  no  ...  6.0  14  2.0  11.333333    0  11.1  0.6  2.02             0.5500   \n","2  no  ...  6.0   8  6.0  13.625000    0  10.8  1.4  1.74             0.6160   \n","3  no  ...  6.0   0  0.0   0.000000    0  15.5  2.8 -4.06             0.5175   \n","4  no  ...  7.0   7  6.0  13.900000    0   7.6  2.6  0.32             0.6865   \n","\n","   classification target  \n","0                failure  \n","1                success  \n","2                success  \n","3                failure  \n","4                success  \n","\n","[5 rows x 33 columns]"],"text/html":["\n","  <div id=\"df-de22fd08-366e-4dfc-b321-22d5742e45ab\" class=\"colab-df-container\">\n","    <div>\n","<style scoped>\n","    .dataframe tbody tr th:only-of-type {\n","        vertical-align: middle;\n","    }\n","\n","    .dataframe tbody tr th {\n","        vertical-align: top;\n","    }\n","\n","    .dataframe thead th {\n","        text-align: right;\n","    }\n","</style>\n","<table border=\"1\" class=\"dataframe\">\n","  <thead>\n","    <tr style=\"text-align: right;\">\n","      <th></th>\n","      <th>C0</th>\n","      <th>C1</th>\n","      <th>C2</th>\n","      <th>C3</th>\n","      <th>C4</th>\n","      <th>C5</th>\n","      <th>C6</th>\n","      <th>C7</th>\n","      <th>C8</th>\n","      <th>C9</th>\n","      <th>...</th>\n","      <th>C23</th>\n","      <th>C24</th>\n","      <th>C25</th>\n","      <th>C26</th>\n","      <th>C27</th>\n","      <th>C28</th>\n","      <th>C29</th>\n","      <th>C30</th>\n","      <th>regression target</th>\n","      <th>classification target</th>\n","    </tr>\n","  </thead>\n","  <tbody>\n","    <tr>\n","      <th>0</th>\n","      <td>divorced</td>\n","      <td>Holders of other higher courses</td>\n","      <td>second choice</td>\n","      <td>Management</td>\n","      <td>daytime</td>\n","      <td>Higher education - degree</td>\n","      <td>65.00</td>\n","      <td>Portuguese</td>\n","      <td>no</td>\n","      <td>no</td>\n","      <td>...</td>\n","      <td>5.0</td>\n","      <td>5</td>\n","      <td>0.0</td>\n","      <td>0.000000</td>\n","      <td>0</td>\n","      <td>11.1</td>\n","      <td>0.6</td>\n","      <td>2.02</td>\n","      <td>0.6500</td>\n","      <td>failure</td>\n","    </tr>\n","    <tr>\n","      <th>1</th>\n","      <td>single</td>\n","      <td>Over 23 years old</td>\n","      <td>second choice</td>\n","      <td>Veterinary Nursing</td>\n","      <td>daytime</td>\n","      <td>Secondary education</td>\n","      <td>65.00</td>\n","      <td>Portuguese</td>\n","      <td>no</td>\n","      <td>no</td>\n","      <td>...</td>\n","      <td>6.0</td>\n","      <td>14</td>\n","      <td>2.0</td>\n","      <td>11.333333</td>\n","      <td>0</td>\n","      <td>11.1</td>\n","      <td>0.6</td>\n","      <td>2.02</td>\n","      <td>0.5500</td>\n","      <td>success</td>\n","    </tr>\n","    <tr>\n","      <th>2</th>\n","      <td>single</td>\n","      <td>1st phase - general contingent</td>\n","      <td>seventh choice</td>\n","      <td>Communication Design</td>\n","      <td>daytime</td>\n","      <td>Frequency of higher education</td>\n","      <td>59.50</td>\n","      <td>Portuguese</td>\n","      <td>yes</td>\n","      <td>no</td>\n","      <td>...</td>\n","      <td>6.0</td>\n","      <td>8</td>\n","      <td>6.0</td>\n","      <td>13.625000</td>\n","      <td>0</td>\n","      <td>10.8</td>\n","      <td>1.4</td>\n","      <td>1.74</td>\n","      <td>0.6160</td>\n","      <td>success</td>\n","    </tr>\n","    <tr>\n","      <th>3</th>\n","      <td>married</td>\n","      <td>Over 23 years old</td>\n","      <td>second choice</td>\n","      <td>Social Service</td>\n","      <td>daytime</td>\n","      <td>Basic education 3rd cycle (9th/10th/11th year)...</td>\n","      <td>66.55</td>\n","      <td>Portuguese</td>\n","      <td>no</td>\n","      <td>no</td>\n","      <td>...</td>\n","      <td>6.0</td>\n","      <td>0</td>\n","      <td>0.0</td>\n","      <td>0.000000</td>\n","      <td>0</td>\n","      <td>15.5</td>\n","      <td>2.8</td>\n","      <td>-4.06</td>\n","      <td>0.5175</td>\n","      <td>failure</td>\n","    </tr>\n","    <tr>\n","      <th>4</th>\n","      <td>single</td>\n","      <td>1st phase - general contingent</td>\n","      <td>fourth choice</td>\n","      <td>Nursing</td>\n","      <td>daytime</td>\n","      <td>Secondary education</td>\n","      <td>71.00</td>\n","      <td>Portuguese</td>\n","      <td>yes</td>\n","      <td>no</td>\n","      <td>...</td>\n","      <td>7.0</td>\n","      <td>7</td>\n","      <td>6.0</td>\n","      <td>13.900000</td>\n","      <td>0</td>\n","      <td>7.6</td>\n","      <td>2.6</td>\n","      <td>0.32</td>\n","      <td>0.6865</td>\n","      <td>success</td>\n","    </tr>\n","  </tbody>\n","</table>\n","<p>5 rows × 33 columns</p>\n","</div>\n","    <div class=\"colab-df-buttons\">\n","\n","  <div class=\"colab-df-container\">\n","    <button class=\"colab-df-convert\" onclick=\"convertToInteractive('df-de22fd08-366e-4dfc-b321-22d5742e45ab')\"\n","            title=\"Convert this dataframe to an interactive table.\"\n","            style=\"display:none;\">\n","\n","  <svg xmlns=\"http://www.w3.org/2000/svg\" height=\"24px\" viewBox=\"0 -960 960 960\">\n","    <path d=\"M120-120v-720h720v720H120Zm60-500h600v-160H180v160Zm220 220h160v-160H400v160Zm0 220h160v-160H400v160ZM180-400h160v-160H180v160Zm440 0h160v-160H620v160ZM180-180h160v-160H180v160Zm440 0h160v-160H620v160Z\"/>\n","  </svg>\n","    </button>\n","\n","  <style>\n","    .colab-df-container {\n","      display:flex;\n","      gap: 12px;\n","    }\n","\n","    .colab-df-convert {\n","      background-color: #E8F0FE;\n","      border: none;\n","      border-radius: 50%;\n","      cursor: pointer;\n","      display: none;\n","      fill: #1967D2;\n","      height: 32px;\n","      padding: 0 0 0 0;\n","      width: 32px;\n","    }\n","\n","    .colab-df-convert:hover {\n","      background-color: #E2EBFA;\n","      box-shadow: 0px 1px 2px rgba(60, 64, 67, 0.3), 0px 1px 3px 1px rgba(60, 64, 67, 0.15);\n","      fill: #174EA6;\n","    }\n","\n","    .colab-df-buttons div {\n","      margin-bottom: 4px;\n","    }\n","\n","    [theme=dark] .colab-df-convert {\n","      background-color: #3B4455;\n","      fill: #D2E3FC;\n","    }\n","\n","    [theme=dark] .colab-df-convert:hover {\n","      background-color: #434B5C;\n","      box-shadow: 0px 1px 3px 1px rgba(0, 0, 0, 0.15);\n","      filter: drop-shadow(0px 1px 2px rgba(0, 0, 0, 0.3));\n","      fill: #FFFFFF;\n","    }\n","  </style>\n","\n","    <script>\n","      const buttonEl =\n","        document.querySelector('#df-de22fd08-366e-4dfc-b321-22d5742e45ab button.colab-df-convert');\n","      buttonEl.style.display =\n","        google.colab.kernel.accessAllowed ? 'block' : 'none';\n","\n","      async function convertToInteractive(key) {\n","        const element = document.querySelector('#df-de22fd08-366e-4dfc-b321-22d5742e45ab');\n","        const dataTable =\n","          await google.colab.kernel.invokeFunction('convertToInteractive',\n","                                                    [key], {});\n","        if (!dataTable) return;\n","\n","        const docLinkHtml = 'Like what you see? Visit the ' +\n","          '<a target=\"_blank\" href=https://colab.research.google.com/notebooks/data_table.ipynb>data table notebook</a>'\n","          + ' to learn more about interactive tables.';\n","        element.innerHTML = '';\n","        dataTable['output_type'] = 'display_data';\n","        await google.colab.output.renderOutput(dataTable, element);\n","        const docLink = document.createElement('div');\n","        docLink.innerHTML = docLinkHtml;\n","        element.appendChild(docLink);\n","      }\n","    </script>\n","  </div>\n","\n","\n","<div id=\"df-bd0c8e23-b5f3-4d72-a065-84ceab678dd2\">\n","  <button class=\"colab-df-quickchart\" onclick=\"quickchart('df-bd0c8e23-b5f3-4d72-a065-84ceab678dd2')\"\n","            title=\"Suggest charts\"\n","            style=\"display:none;\">\n","\n","<svg xmlns=\"http://www.w3.org/2000/svg\" height=\"24px\"viewBox=\"0 0 24 24\"\n","     width=\"24px\">\n","    <g>\n","        <path d=\"M19 3H5c-1.1 0-2 .9-2 2v14c0 1.1.9 2 2 2h14c1.1 0 2-.9 2-2V5c0-1.1-.9-2-2-2zM9 17H7v-7h2v7zm4 0h-2V7h2v10zm4 0h-2v-4h2v4z\"/>\n","    </g>\n","</svg>\n","  </button>\n","\n","<style>\n","  .colab-df-quickchart {\n","      --bg-color: #E8F0FE;\n","      --fill-color: #1967D2;\n","      --hover-bg-color: #E2EBFA;\n","      --hover-fill-color: #174EA6;\n","      --disabled-fill-color: #AAA;\n","      --disabled-bg-color: #DDD;\n","  }\n","\n","  [theme=dark] .colab-df-quickchart {\n","      --bg-color: #3B4455;\n","      --fill-color: #D2E3FC;\n","      --hover-bg-color: #434B5C;\n","      --hover-fill-color: #FFFFFF;\n","      --disabled-bg-color: #3B4455;\n","      --disabled-fill-color: #666;\n","  }\n","\n","  .colab-df-quickchart {\n","    background-color: var(--bg-color);\n","    border: none;\n","    border-radius: 50%;\n","    cursor: pointer;\n","    display: none;\n","    fill: var(--fill-color);\n","    height: 32px;\n","    padding: 0;\n","    width: 32px;\n","  }\n","\n","  .colab-df-quickchart:hover {\n","    background-color: var(--hover-bg-color);\n","    box-shadow: 0 1px 2px rgba(60, 64, 67, 0.3), 0 1px 3px 1px rgba(60, 64, 67, 0.15);\n","    fill: var(--button-hover-fill-color);\n","  }\n","\n","  .colab-df-quickchart-complete:disabled,\n","  .colab-df-quickchart-complete:disabled:hover {\n","    background-color: var(--disabled-bg-color);\n","    fill: var(--disabled-fill-color);\n","    box-shadow: none;\n","  }\n","\n","  .colab-df-spinner {\n","    border: 2px solid var(--fill-color);\n","    border-color: transparent;\n","    border-bottom-color: var(--fill-color);\n","    animation:\n","      spin 1s steps(1) infinite;\n","  }\n","\n","  @keyframes spin {\n","    0% {\n","      border-color: transparent;\n","      border-bottom-color: var(--fill-color);\n","      border-left-color: var(--fill-color);\n","    }\n","    20% {\n","      border-color: transparent;\n","      border-left-color: var(--fill-color);\n","      border-top-color: var(--fill-color);\n","    }\n","    30% {\n","      border-color: transparent;\n","      border-left-color: var(--fill-color);\n","      border-top-color: var(--fill-color);\n","      border-right-color: var(--fill-color);\n","    }\n","    40% {\n","      border-color: transparent;\n","      border-right-color: var(--fill-color);\n","      border-top-color: var(--fill-color);\n","    }\n","    60% {\n","      border-color: transparent;\n","      border-right-color: var(--fill-color);\n","    }\n","    80% {\n","      border-color: transparent;\n","      border-right-color: var(--fill-color);\n","      border-bottom-color: var(--fill-color);\n","    }\n","    90% {\n","      border-color: transparent;\n","      border-bottom-color: var(--fill-color);\n","    }\n","  }\n","</style>\n","\n","  <script>\n","    async function quickchart(key) {\n","      const quickchartButtonEl =\n","        document.querySelector('#' + key + ' button');\n","      quickchartButtonEl.disabled = true;  // To prevent multiple clicks.\n","      quickchartButtonEl.classList.add('colab-df-spinner');\n","      try {\n","        const charts = await google.colab.kernel.invokeFunction(\n","            'suggestCharts', [key], {});\n","      } catch (error) {\n","        console.error('Error during call to suggestCharts:', error);\n","      }\n","      quickchartButtonEl.classList.remove('colab-df-spinner');\n","      quickchartButtonEl.classList.add('colab-df-quickchart-complete');\n","    }\n","    (() => {\n","      let quickchartButtonEl =\n","        document.querySelector('#df-bd0c8e23-b5f3-4d72-a065-84ceab678dd2 button');\n","      quickchartButtonEl.style.display =\n","        google.colab.kernel.accessAllowed ? 'block' : 'none';\n","    })();\n","  </script>\n","</div>\n","    </div>\n","  </div>\n"],"application/vnd.google.colaboratory.intrinsic+json":{"type":"dataframe","variable_name":"df"}},"metadata":{},"execution_count":1}]},{"cell_type":"code","source":["npdf = np.array(df)"],"metadata":{"id":"TtMBra3Mkpxf","executionInfo":{"status":"ok","timestamp":1709729044548,"user_tz":-480,"elapsed":15,"user":{"displayName":"Christine Ma","userId":"07403115532810910417"}}},"execution_count":2,"outputs":[]},{"cell_type":"code","source":["# first 3 numerical values: C6,C14,C16\n","#identify potential outliers\n","Array = [\"C6\",\"C14\",\"C16\"]\n","\n","#IQR method\n","for x in Array:\n","  q1 = df[x].quantile(0.25)\n","  q3 = df[x].quantile(0.75)\n","  iqr = q3 - q1\n","  lower_bound = q1 - 1.5 * iqr\n","  upper_bound = q3 + 1.5 * iqr\n","  print('In',x,f'Lower bound: {lower_bound} Upper bound: {upper_bound}')\n","  npa = np.array(df[x])\n","  print(npa[np.logical_or(npa>upper_bound,npa<lower_bound)])"],"metadata":{"id":"--x1_E3WC0EG","colab":{"base_uri":"https://localhost:8080/"},"executionInfo":{"status":"ok","timestamp":1709729044548,"user_tz":-480,"elapsed":10,"user":{"displayName":"Christine Ma","userId":"07403115532810910417"}},"outputId":"8a5cd7f6-8bc6-4fe1-d2a3-5e47f77731d4"},"execution_count":3,"outputs":[{"output_type":"stream","name":"stdout","text":["In C6 Lower bound: 51.25 Upper bound: 81.25\n","[50.   50.   88.5  84.   84.   85.   50.   86.   90.   82.   90.   85.\n"," 50.   85.   81.5  85.   90.   83.5  50.   50.   86.   50.   50.   85.\n"," 50.   50.   50.   50.   50.   85.   50.   85.   50.   50.   83.5  50.\n"," 84.   50.5  50.5  50.   50.   50.   90.   50.   50.   84.   50.   49.5\n"," 95.   50.   48.   50.   84.   85.   50.   50.   51.   84.5  50.   48.\n"," 85.   83.5  50.5  51.   81.5  83.   86.   50.   81.5  50.   49.5  85.\n"," 83.   84.   91.   81.5  50.   86.   84.   47.5  85.   83.5  86.   50.\n"," 50.   82.5  50.   50.   81.65 50.   50.   50.   50.   50.   50.   89.\n"," 94.   81.5  50.   50.   51.   50.   50.   85.   50.   87.5  92.2  90.\n"," 50.   50.5  85.   51.   88.   82.5  85.   82.   86.   50.   50.   50.\n"," 50.   82.   48.5  85.   50.   50.   50.   50.   50.   50.   82.5  50.5\n"," 50.   90.   85.   85.   82.   90.   50.   82.5  50.   95.   82.   50.\n"," 90.   88.5  50.  ]\n","In C14 Lower bound: 10.0 Upper bound: 34.0\n","[35 42 35 38 42 39 48 35 36 43 38 43 36 42 36 52 43 47 46 47 36 39 36 37\n"," 35 36 36 35 39 58 46 40 42 45 49 36 44 38 38 39 35 43 53 38 35 36 41 43\n"," 38 39 35 57 39 37 44 45 37 50 37 35 43 35 38 35 38 50 49 51 47 35 36 36\n"," 37 41 35 35 35 36 47 40 42 45 37 45 39 53 46 47 45 37 47 40 35 38 41 37\n"," 39 43 41 48 36 50 43 54 40 38 39 38 46 39 41 60 39 35 36 40 37 37 55 36\n"," 43 48 39 36 51 35 35 43 36 46 47 49 41 43 49 53 40 41 35 41 44 39 36 54\n"," 36 45 43 36 37 44 46 39 39 49 44 45 36 38 39 58 40 49 37 44 41 45 37 43\n"," 39 39 45 42 42 55 48 46 45 39 37 47 38 44 51 37 45 35 38 49 45 37 41 36\n"," 41 39 39 50 38 49 51 41 50 37 45 39 46 41 50 40 35 40 40 44 39 54 45 40\n"," 37 37 49 35 44 45 35 44 44 50 35 40 45 43 36 53 42 41 42 45 45 70 43 37\n"," 50 41 41 44 43 41 37 35 48 43 51 40 40 46 39 51 40 50 41 40 36 41 46 39\n"," 54 43 50 35 41 43 47 37 39 36 37 39 58 39 37 49 37 44 39 35 36 38 38 43\n"," 36 53 47 42 37 55 43 55 38 35 36 39 35 51 48 40 53 36 38 39 42 42 62 38\n"," 50 37 45 35 41 39 44 35 47 38 54 41 35 40 44 37 37 37 50 43 40 38 45 41\n"," 38 37 36 37]\n","In C16 Lower bound: 0.0 Upper bound: 0.0\n","[ 2  2  1  3 11  3  8  2  5  2  7  3  2  9  5  3  2  6  1  5  8 18  5  1\n","  6  1  2 13  3  2  2  2  4  1  3  3  8  5  2  6  1  5  2  6  1  2 15  4\n","  2 10 11  1  6  2  8  3  4  5  2  2  6 14  4 13  3  9  2 14 14  8 10  2\n"," 12 16 11  6  3  8  3  5 11  1  2  4  1  2  8  4  4 10  1  6  4 10  7  2\n","  6  3  7  6  6  3  7  2 10  1  9  3  4  1  1  4  1  2  2 11  3  5  8  2\n","  9  1  8  1 10  3  6  4  6  6  3  1  7  3  1  1  5  4  7  1  3 13 14  2\n","  2  5  3  4  1 11  2  8  4 14  2  3 18 15 13  7  3  3 12  9  1  1  2  4\n"," 17  6  1  7 10  3  3  4  3  9  2 12 10  9  1 14  6  3  1  1  6  2  6  7\n","  8  4 11  6  8  2  4  9 15 16  2  1  8  3  1  9  3  4  6  9  2  5  4  4\n","  8  2  4  1  2  7  2  2  2  1  1  3  9  3  1  8  2  6  7  4  6  3  1  5\n","  7  1  8 11 12  1  2  7  2  9 20  6  2  7  1  3  6  3  9  6 12  3  7 13\n","  5  6  4  2  4  7 13  7  2  6  9  4 11  3  2 10  3  5  9  1  5  2  5  6\n","  5  2 12  1  2  1 11  6  2  4  2 13  7  3  7  6  5  7  6 14 13  1  1  1\n","  5  1 17  1  2  5  2  1  3 11  1  5  1  9 13  5  1  5  2  3  1  2  3  6\n"," 12 15  5  7  2  3  5  3  9  6  1  4  6 14  9  9  7  3  4  9 16  1  2  3\n","  3  1  8  8  5  3  6  2  5  9  6  8  2 12  6  9  5  6  3  2  1  6  3 14\n"," 10  6  3 11  3  1  3  1  7  1 12 14  8  2  5 10  2 11  4 13  7  1  3  7\n","  2  4  2  2  2  4 14  7  1  5  4  3  5  3  2  4  2  4  4  2  4  7  8  7\n","  1  8  5  7  1  3  7  4  1  1  1  8  2 11  1  4  2  5 11  7  8  1]\n"]}]},{"cell_type":"code","source":["\n","for x in Array:\n","  clf = IsolationForest(random_state=0)\n","  outliers = clf.fit_predict(np.array(df[[x,\"regression target\"]]))\n","  print(df[[x,\"regression target\"]][outliers == -1])\n","  print((outliers == -1).astype(int).sum())\n"],"metadata":{"colab":{"base_uri":"https://localhost:8080/"},"id":"6aWtnKCbHte2","executionInfo":{"status":"ok","timestamp":1709729046788,"user_tz":-480,"elapsed":2246,"user":{"displayName":"Christine Ma","userId":"07403115532810910417"}},"outputId":"8457a4b0-0df7-42d2-f929-9a77ba4c1d2c"},"execution_count":4,"outputs":[{"output_type":"stream","name":"stdout","text":["         C6  regression target\n","9     80.00             0.7075\n","12    80.00             0.6200\n","18    50.00             0.5500\n","20    50.00             0.5000\n","29    80.00             0.8000\n","...     ...                ...\n","3515  74.00             0.8170\n","3518  65.00             0.5265\n","3526  66.55             0.4800\n","3530  62.50             0.7040\n","3536  50.00             0.5640\n","\n","[753 rows x 2 columns]\n","753\n","      C14  regression target\n","0      35             0.6500\n","3      42             0.5175\n","14     22             0.7500\n","18     30             0.5500\n","20     19             0.5000\n","...   ...                ...\n","3515   20             0.8170\n","3518   36             0.5265\n","3522   28             0.5500\n","3523   37             0.6450\n","3526   19             0.4800\n","\n","[907 rows x 2 columns]\n","907\n","      C16  regression target\n","3       0             0.5175\n","5       2             0.7000\n","12      2             0.6200\n","14      1             0.7500\n","17      3             0.6100\n","...   ...                ...\n","3512    7             0.7690\n","3515    0             0.8170\n","3526    0             0.4800\n","3528    8             0.6500\n","3534    1             0.6385\n","\n","[673 rows x 2 columns]\n","673\n"]}]},{"cell_type":"code","source":["##Q5\n","df.corr()"],"metadata":{"colab":{"base_uri":"https://localhost:8080/","height":695},"id":"8cMTW6v0OqvO","executionInfo":{"status":"ok","timestamp":1709729047768,"user_tz":-480,"elapsed":986,"user":{"displayName":"Christine Ma","userId":"07403115532810910417"}},"outputId":"d070363c-31bf-4bc7-e080-24797168547f"},"execution_count":5,"outputs":[{"output_type":"stream","name":"stderr","text":["<ipython-input-5-aa3b62442b84>:2: FutureWarning: The default value of numeric_only in DataFrame.corr is deprecated. In a future version, it will default to False. Select only valid columns or specify the value of numeric_only to silence this warning.\n","  df.corr()\n"]},{"output_type":"execute_result","data":{"text/plain":["                         C6       C14       C16       C17       C18       C19  \\\n","C6                 1.000000 -0.111374 -0.018841 -0.045938 -0.077389  0.038950   \n","C14               -0.111374  1.000000  0.225047  0.136557  0.134538 -0.056920   \n","C16               -0.018841  0.225047  1.000000  0.764918  0.549814  0.619279   \n","C17               -0.045938  0.136557  0.764918  1.000000  0.687466  0.772668   \n","C18               -0.077389  0.134538  0.549814  0.687466  1.000000  0.527342   \n","C19                0.038950 -0.056920  0.619279  0.772668  0.527342  1.000000   \n","C20                0.062857 -0.152041  0.125667  0.396275  0.414727  0.708144   \n","C21                0.001539  0.042320  0.132142  0.141358  0.267813  0.003829   \n","C22               -0.027408  0.208677  0.942614  0.745162  0.530025  0.597771   \n","C23               -0.046306  0.084241  0.625563  0.941014  0.618744  0.734093   \n","C24               -0.070843  0.045085  0.421601  0.601553  0.781797  0.541350   \n","C25                0.045212 -0.110133  0.475408  0.674216  0.451622  0.901075   \n","C26                0.050645 -0.171983  0.135160  0.379112  0.366609  0.693776   \n","C27               -0.012927  0.048981  0.071164  0.084136  0.152765 -0.041140   \n","C28                0.053305  0.015652  0.001702  0.032405  0.060522  0.052776   \n","C29                0.009745  0.029895  0.045499  0.046022  0.005661  0.000134   \n","C30               -0.045325 -0.058545 -0.034690 -0.033280 -0.109825  0.007477   \n","regression target  0.576126 -0.030737  0.024843 -0.053833 -0.082831  0.065448   \n","\n","                        C20       C21       C22       C23       C24       C25  \\\n","C6                 0.062857  0.001539 -0.027408 -0.046306 -0.070843  0.045212   \n","C14               -0.152041  0.042320  0.208677  0.084241  0.045085 -0.110133   \n","C16                0.125667  0.132142  0.942614  0.625563  0.421601  0.475408   \n","C17                0.396275  0.141358  0.745162  0.941014  0.601553  0.674216   \n","C18                0.414727  0.267813  0.530025  0.618744  0.781797  0.451622   \n","C19                0.708144  0.003829  0.597771  0.734093  0.541350  0.901075   \n","C20                1.000000 -0.073162  0.115932  0.427075  0.486700  0.681601   \n","C21               -0.073162  1.000000  0.138314  0.115713  0.161132  0.004732   \n","C22                0.115932  0.138314  1.000000  0.661197  0.429203  0.506688   \n","C23                0.427075  0.115713  0.661197  1.000000  0.608867  0.704679   \n","C24                0.486700  0.161132  0.429203  0.608867  1.000000  0.470092   \n","C25                0.681601  0.004732  0.506688  0.704679  0.470092  1.000000   \n","C26                0.835170 -0.064008  0.131569  0.413252  0.467189  0.770368   \n","C27               -0.072265  0.574405  0.088517  0.070042  0.165069 -0.041530   \n","C28                0.017668 -0.043567  0.002795  0.059416  0.043103  0.053030   \n","C29               -0.042260 -0.044023  0.039426  0.026709 -0.011114 -0.027669   \n","C30                0.058846 -0.141835 -0.033470 -0.011946 -0.007877  0.010442   \n","regression target  0.079161  0.010154  0.027379 -0.058127 -0.062332  0.074186   \n","\n","                        C26       C27       C28       C29       C30  \\\n","C6                 0.050645 -0.012927  0.053305  0.009745 -0.045325   \n","C14               -0.171983  0.048981  0.015652  0.029895 -0.058545   \n","C16                0.135160  0.071164  0.001702  0.045499 -0.034690   \n","C17                0.379112  0.084136  0.032405  0.046022 -0.033280   \n","C18                0.366609  0.152765  0.060522  0.005661 -0.109825   \n","C19                0.693776 -0.041140  0.052776  0.000134  0.007477   \n","C20                0.835170 -0.072265  0.017668 -0.042260  0.058846   \n","C21               -0.064008  0.574405 -0.043567 -0.044023 -0.141835   \n","C22                0.131569  0.088517  0.002795  0.039426 -0.033470   \n","C23                0.413252  0.070042  0.059416  0.026709 -0.011946   \n","C24                0.467189  0.165069  0.043103 -0.011114 -0.007877   \n","C25                0.770368 -0.041530  0.053030 -0.027669  0.010442   \n","C26                1.000000 -0.073685  0.004097 -0.043904  0.067567   \n","C27               -0.073685  1.000000 -0.007423 -0.026306 -0.068205   \n","C28                0.004097 -0.007423  1.000000 -0.027038 -0.342638   \n","C29               -0.043904 -0.026306 -0.027038  1.000000 -0.119339   \n","C30                0.067567 -0.068205 -0.342638 -0.119339  1.000000   \n","regression target  0.076123 -0.013721  0.033832 -0.020287 -0.016457   \n","\n","                   regression target  \n","C6                          0.576126  \n","C14                        -0.030737  \n","C16                         0.024843  \n","C17                        -0.053833  \n","C18                        -0.082831  \n","C19                         0.065448  \n","C20                         0.079161  \n","C21                         0.010154  \n","C22                         0.027379  \n","C23                        -0.058127  \n","C24                        -0.062332  \n","C25                         0.074186  \n","C26                         0.076123  \n","C27                        -0.013721  \n","C28                         0.033832  \n","C29                        -0.020287  \n","C30                        -0.016457  \n","regression target           1.000000  "],"text/html":["\n","  <div id=\"df-b013c5b9-9175-4399-8eef-708b0b236b36\" class=\"colab-df-container\">\n","    <div>\n","<style scoped>\n","    .dataframe tbody tr th:only-of-type {\n","        vertical-align: middle;\n","    }\n","\n","    .dataframe tbody tr th {\n","        vertical-align: top;\n","    }\n","\n","    .dataframe thead th {\n","        text-align: right;\n","    }\n","</style>\n","<table border=\"1\" class=\"dataframe\">\n","  <thead>\n","    <tr style=\"text-align: right;\">\n","      <th></th>\n","      <th>C6</th>\n","      <th>C14</th>\n","      <th>C16</th>\n","      <th>C17</th>\n","      <th>C18</th>\n","      <th>C19</th>\n","      <th>C20</th>\n","      <th>C21</th>\n","      <th>C22</th>\n","      <th>C23</th>\n","      <th>C24</th>\n","      <th>C25</th>\n","      <th>C26</th>\n","      <th>C27</th>\n","      <th>C28</th>\n","      <th>C29</th>\n","      <th>C30</th>\n","      <th>regression target</th>\n","    </tr>\n","  </thead>\n","  <tbody>\n","    <tr>\n","      <th>C6</th>\n","      <td>1.000000</td>\n","      <td>-0.111374</td>\n","      <td>-0.018841</td>\n","      <td>-0.045938</td>\n","      <td>-0.077389</td>\n","      <td>0.038950</td>\n","      <td>0.062857</td>\n","      <td>0.001539</td>\n","      <td>-0.027408</td>\n","      <td>-0.046306</td>\n","      <td>-0.070843</td>\n","      <td>0.045212</td>\n","      <td>0.050645</td>\n","      <td>-0.012927</td>\n","      <td>0.053305</td>\n","      <td>0.009745</td>\n","      <td>-0.045325</td>\n","      <td>0.576126</td>\n","    </tr>\n","    <tr>\n","      <th>C14</th>\n","      <td>-0.111374</td>\n","      <td>1.000000</td>\n","      <td>0.225047</td>\n","      <td>0.136557</td>\n","      <td>0.134538</td>\n","      <td>-0.056920</td>\n","      <td>-0.152041</td>\n","      <td>0.042320</td>\n","      <td>0.208677</td>\n","      <td>0.084241</td>\n","      <td>0.045085</td>\n","      <td>-0.110133</td>\n","      <td>-0.171983</td>\n","      <td>0.048981</td>\n","      <td>0.015652</td>\n","      <td>0.029895</td>\n","      <td>-0.058545</td>\n","      <td>-0.030737</td>\n","    </tr>\n","    <tr>\n","      <th>C16</th>\n","      <td>-0.018841</td>\n","      <td>0.225047</td>\n","      <td>1.000000</td>\n","      <td>0.764918</td>\n","      <td>0.549814</td>\n","      <td>0.619279</td>\n","      <td>0.125667</td>\n","      <td>0.132142</td>\n","      <td>0.942614</td>\n","      <td>0.625563</td>\n","      <td>0.421601</td>\n","      <td>0.475408</td>\n","      <td>0.135160</td>\n","      <td>0.071164</td>\n","      <td>0.001702</td>\n","      <td>0.045499</td>\n","      <td>-0.034690</td>\n","      <td>0.024843</td>\n","    </tr>\n","    <tr>\n","      <th>C17</th>\n","      <td>-0.045938</td>\n","      <td>0.136557</td>\n","      <td>0.764918</td>\n","      <td>1.000000</td>\n","      <td>0.687466</td>\n","      <td>0.772668</td>\n","      <td>0.396275</td>\n","      <td>0.141358</td>\n","      <td>0.745162</td>\n","      <td>0.941014</td>\n","      <td>0.601553</td>\n","      <td>0.674216</td>\n","      <td>0.379112</td>\n","      <td>0.084136</td>\n","      <td>0.032405</td>\n","      <td>0.046022</td>\n","      <td>-0.033280</td>\n","      <td>-0.053833</td>\n","    </tr>\n","    <tr>\n","      <th>C18</th>\n","      <td>-0.077389</td>\n","      <td>0.134538</td>\n","      <td>0.549814</td>\n","      <td>0.687466</td>\n","      <td>1.000000</td>\n","      <td>0.527342</td>\n","      <td>0.414727</td>\n","      <td>0.267813</td>\n","      <td>0.530025</td>\n","      <td>0.618744</td>\n","      <td>0.781797</td>\n","      <td>0.451622</td>\n","      <td>0.366609</td>\n","      <td>0.152765</td>\n","      <td>0.060522</td>\n","      <td>0.005661</td>\n","      <td>-0.109825</td>\n","      <td>-0.082831</td>\n","    </tr>\n","    <tr>\n","      <th>C19</th>\n","      <td>0.038950</td>\n","      <td>-0.056920</td>\n","      <td>0.619279</td>\n","      <td>0.772668</td>\n","      <td>0.527342</td>\n","      <td>1.000000</td>\n","      <td>0.708144</td>\n","      <td>0.003829</td>\n","      <td>0.597771</td>\n","      <td>0.734093</td>\n","      <td>0.541350</td>\n","      <td>0.901075</td>\n","      <td>0.693776</td>\n","      <td>-0.041140</td>\n","      <td>0.052776</td>\n","      <td>0.000134</td>\n","      <td>0.007477</td>\n","      <td>0.065448</td>\n","    </tr>\n","    <tr>\n","      <th>C20</th>\n","      <td>0.062857</td>\n","      <td>-0.152041</td>\n","      <td>0.125667</td>\n","      <td>0.396275</td>\n","      <td>0.414727</td>\n","      <td>0.708144</td>\n","      <td>1.000000</td>\n","      <td>-0.073162</td>\n","      <td>0.115932</td>\n","      <td>0.427075</td>\n","      <td>0.486700</td>\n","      <td>0.681601</td>\n","      <td>0.835170</td>\n","      <td>-0.072265</td>\n","      <td>0.017668</td>\n","      <td>-0.042260</td>\n","      <td>0.058846</td>\n","      <td>0.079161</td>\n","    </tr>\n","    <tr>\n","      <th>C21</th>\n","      <td>0.001539</td>\n","      <td>0.042320</td>\n","      <td>0.132142</td>\n","      <td>0.141358</td>\n","      <td>0.267813</td>\n","      <td>0.003829</td>\n","      <td>-0.073162</td>\n","      <td>1.000000</td>\n","      <td>0.138314</td>\n","      <td>0.115713</td>\n","      <td>0.161132</td>\n","      <td>0.004732</td>\n","      <td>-0.064008</td>\n","      <td>0.574405</td>\n","      <td>-0.043567</td>\n","      <td>-0.044023</td>\n","      <td>-0.141835</td>\n","      <td>0.010154</td>\n","    </tr>\n","    <tr>\n","      <th>C22</th>\n","      <td>-0.027408</td>\n","      <td>0.208677</td>\n","      <td>0.942614</td>\n","      <td>0.745162</td>\n","      <td>0.530025</td>\n","      <td>0.597771</td>\n","      <td>0.115932</td>\n","      <td>0.138314</td>\n","      <td>1.000000</td>\n","      <td>0.661197</td>\n","      <td>0.429203</td>\n","      <td>0.506688</td>\n","      <td>0.131569</td>\n","      <td>0.088517</td>\n","      <td>0.002795</td>\n","      <td>0.039426</td>\n","      <td>-0.033470</td>\n","      <td>0.027379</td>\n","    </tr>\n","    <tr>\n","      <th>C23</th>\n","      <td>-0.046306</td>\n","      <td>0.084241</td>\n","      <td>0.625563</td>\n","      <td>0.941014</td>\n","      <td>0.618744</td>\n","      <td>0.734093</td>\n","      <td>0.427075</td>\n","      <td>0.115713</td>\n","      <td>0.661197</td>\n","      <td>1.000000</td>\n","      <td>0.608867</td>\n","      <td>0.704679</td>\n","      <td>0.413252</td>\n","      <td>0.070042</td>\n","      <td>0.059416</td>\n","      <td>0.026709</td>\n","      <td>-0.011946</td>\n","      <td>-0.058127</td>\n","    </tr>\n","    <tr>\n","      <th>C24</th>\n","      <td>-0.070843</td>\n","      <td>0.045085</td>\n","      <td>0.421601</td>\n","      <td>0.601553</td>\n","      <td>0.781797</td>\n","      <td>0.541350</td>\n","      <td>0.486700</td>\n","      <td>0.161132</td>\n","      <td>0.429203</td>\n","      <td>0.608867</td>\n","      <td>1.000000</td>\n","      <td>0.470092</td>\n","      <td>0.467189</td>\n","      <td>0.165069</td>\n","      <td>0.043103</td>\n","      <td>-0.011114</td>\n","      <td>-0.007877</td>\n","      <td>-0.062332</td>\n","    </tr>\n","    <tr>\n","      <th>C25</th>\n","      <td>0.045212</td>\n","      <td>-0.110133</td>\n","      <td>0.475408</td>\n","      <td>0.674216</td>\n","      <td>0.451622</td>\n","      <td>0.901075</td>\n","      <td>0.681601</td>\n","      <td>0.004732</td>\n","      <td>0.506688</td>\n","      <td>0.704679</td>\n","      <td>0.470092</td>\n","      <td>1.000000</td>\n","      <td>0.770368</td>\n","      <td>-0.041530</td>\n","      <td>0.053030</td>\n","      <td>-0.027669</td>\n","      <td>0.010442</td>\n","      <td>0.074186</td>\n","    </tr>\n","    <tr>\n","      <th>C26</th>\n","      <td>0.050645</td>\n","      <td>-0.171983</td>\n","      <td>0.135160</td>\n","      <td>0.379112</td>\n","      <td>0.366609</td>\n","      <td>0.693776</td>\n","      <td>0.835170</td>\n","      <td>-0.064008</td>\n","      <td>0.131569</td>\n","      <td>0.413252</td>\n","      <td>0.467189</td>\n","      <td>0.770368</td>\n","      <td>1.000000</td>\n","      <td>-0.073685</td>\n","      <td>0.004097</td>\n","      <td>-0.043904</td>\n","      <td>0.067567</td>\n","      <td>0.076123</td>\n","    </tr>\n","    <tr>\n","      <th>C27</th>\n","      <td>-0.012927</td>\n","      <td>0.048981</td>\n","      <td>0.071164</td>\n","      <td>0.084136</td>\n","      <td>0.152765</td>\n","      <td>-0.041140</td>\n","      <td>-0.072265</td>\n","      <td>0.574405</td>\n","      <td>0.088517</td>\n","      <td>0.070042</td>\n","      <td>0.165069</td>\n","      <td>-0.041530</td>\n","      <td>-0.073685</td>\n","      <td>1.000000</td>\n","      <td>-0.007423</td>\n","      <td>-0.026306</td>\n","      <td>-0.068205</td>\n","      <td>-0.013721</td>\n","    </tr>\n","    <tr>\n","      <th>C28</th>\n","      <td>0.053305</td>\n","      <td>0.015652</td>\n","      <td>0.001702</td>\n","      <td>0.032405</td>\n","      <td>0.060522</td>\n","      <td>0.052776</td>\n","      <td>0.017668</td>\n","      <td>-0.043567</td>\n","      <td>0.002795</td>\n","      <td>0.059416</td>\n","      <td>0.043103</td>\n","      <td>0.053030</td>\n","      <td>0.004097</td>\n","      <td>-0.007423</td>\n","      <td>1.000000</td>\n","      <td>-0.027038</td>\n","      <td>-0.342638</td>\n","      <td>0.033832</td>\n","    </tr>\n","    <tr>\n","      <th>C29</th>\n","      <td>0.009745</td>\n","      <td>0.029895</td>\n","      <td>0.045499</td>\n","      <td>0.046022</td>\n","      <td>0.005661</td>\n","      <td>0.000134</td>\n","      <td>-0.042260</td>\n","      <td>-0.044023</td>\n","      <td>0.039426</td>\n","      <td>0.026709</td>\n","      <td>-0.011114</td>\n","      <td>-0.027669</td>\n","      <td>-0.043904</td>\n","      <td>-0.026306</td>\n","      <td>-0.027038</td>\n","      <td>1.000000</td>\n","      <td>-0.119339</td>\n","      <td>-0.020287</td>\n","    </tr>\n","    <tr>\n","      <th>C30</th>\n","      <td>-0.045325</td>\n","      <td>-0.058545</td>\n","      <td>-0.034690</td>\n","      <td>-0.033280</td>\n","      <td>-0.109825</td>\n","      <td>0.007477</td>\n","      <td>0.058846</td>\n","      <td>-0.141835</td>\n","      <td>-0.033470</td>\n","      <td>-0.011946</td>\n","      <td>-0.007877</td>\n","      <td>0.010442</td>\n","      <td>0.067567</td>\n","      <td>-0.068205</td>\n","      <td>-0.342638</td>\n","      <td>-0.119339</td>\n","      <td>1.000000</td>\n","      <td>-0.016457</td>\n","    </tr>\n","    <tr>\n","      <th>regression target</th>\n","      <td>0.576126</td>\n","      <td>-0.030737</td>\n","      <td>0.024843</td>\n","      <td>-0.053833</td>\n","      <td>-0.082831</td>\n","      <td>0.065448</td>\n","      <td>0.079161</td>\n","      <td>0.010154</td>\n","      <td>0.027379</td>\n","      <td>-0.058127</td>\n","      <td>-0.062332</td>\n","      <td>0.074186</td>\n","      <td>0.076123</td>\n","      <td>-0.013721</td>\n","      <td>0.033832</td>\n","      <td>-0.020287</td>\n","      <td>-0.016457</td>\n","      <td>1.000000</td>\n","    </tr>\n","  </tbody>\n","</table>\n","</div>\n","    <div class=\"colab-df-buttons\">\n","\n","  <div class=\"colab-df-container\">\n","    <button class=\"colab-df-convert\" onclick=\"convertToInteractive('df-b013c5b9-9175-4399-8eef-708b0b236b36')\"\n","            title=\"Convert this dataframe to a